37
39
11
1
7
42
27
12
19
49
30
26
27
40
47
21
41
10
48
27
40
27
19
43
6
22
49
7
21
9
15
27
50
4
8
34
42
12
49
24
35
30
27
11
11
46
18
49
1
4
32
16
14
25
42
49
12
6
17
21
0
32
2
40
4
6
15
21
13
50
38
6
35
8
20
7
16
7
16
13
6
25
29
44
42
0
20
41
28
33
24
29
32
19
34
10
17
20
44
30
35
30
7
2
12
35
27
27
35
45
36
50
29
33
7
21
38
15
43
3
41
35
37
8
26
10
26
2
36
15
24
24
29
18
15
2
7
15
4
45
22
15
25
9
34
43
24
24
45
42
30
7
40
13
22
50
36
26
1
27
21
14
2
32
32
4
20
40
15
4
14
6
25
23
37
22
47
48
10
41
10
46
30
21
40
14
0
34
6
25
8
2
5
49
9
38
24
19
0
48
42
4
27
38
26
60000
28
20
20
48
7
2
37
11
21
32
25
11
9
10
48
6
45
28
48
19
29
15
26
19
14
48
21
40
47
41
7
50
10
7
15
5
19
45
30
40
6
5
21
6
13
0
8
39
25
28
24
9
20
30
37
8
4
8
30
3
32
44
31
20
4
26
39
50
21
9
12
48
13
15
35
8
21
15
16
12
11
33
19
48
40
40
12
10
24
13
30
27
38
12
9
21
12
50
46
8
18
15
15
19
0
2
24
2
46
50
8
35
44
41
5
15
40
0
14
25
1
32
5
9
3
0
37
12
25
15
5
50
42
39
55000
47
18
34
25
42
30
36
0
25
30
34
18
4
35
3
46
19
40
43
15
22
46
10
15
42
19
9
4
3
39
4
3
25
11
24
23
42
37
43
39
9
48
2
6
38
39
44
50
36
35
22
18
39
15
15
13
12
36
46
1
15
25
10
29
15
8
12
10
13
36
26
28
18
4
8
44
37
25
0
12
9
38
0
42
15
26
50
15
17
14
30
50
4
38
45
12
37
21
5
28
47
40
14
2
11
41
31
5
31
12
32
20
33
5
18
47
6
15
41
34
23
43
47
28
49
49
8
49
48
3
10
18
46
35
13
13
21
48
38
50
41
16
45
7
8
0
30
30
41
6
44
16
18
0
21
16
8
34
11
31
12
9
11
1
36
22
43
0
25
9
4
29
41
24
20
16
28
15
10
49
9
16
26
8
9
10
5
38
32
19
47
22
6
17
33
48
13
21
39
47
43
30
47
21
34
29
4
12
9
27
45
27
49
47
36
22
50
14
15
47
36
40
9
16
47
12
17
46
33
24
43
14
49
34
32
43
9
19
35
33
45
5
28
5
31
24
43
5
21
48
45
50
0
42
36
40
20
45
22
24
7
2
50
11
40
41
2
16
24
43
24
0
3
49
16
10
23
16
18
42
0
43
26
17
47
34
48
29
14
16
32
3
51000
18
37
19
19
18
28
2
25
2
25
27
12
21
27
46
1
43
20
29
0
10
26
3
23
18
19
24
19
10
4
16
24
9
18
17
46
27
16
21
41
39
14
28
33
22
6
38
26
20
47
0
1
14
31
47
17
27
14
27
47
11
10
21
16
39
7
10
39
1
8
37
40
45
23
42
5
26
6
34
41
11
45
35
46
46
40
45
38
38
45
11
42
39
48
32
24
22
14
12
6
10
2
27
13
21
35
27
4
22
20
47
35
22
14
21
7
12
32
48
46
21
6
30
21
11
50
36
3
40
22
16
12
13
31
41
46
32
17
21
25
17
41
48
40
33
13
17
0
9
32
1
28
13
22
46
24
6
22
36
25
43
31
16
15
47
7
23
28
19
30
39
49
3
36
6
0
11
41
15
25
45
35
9
36
10
4
17
24
39
16
7
48
19
34
38
24
16
35
20
8
24
16
13
15
14
32
32
15
44
34
38
29
9
0
49
0
33
29
14
31
36
37
5
41
37
27
1
15
27
32
34
45
29
25
4
44
44
39
48
30
38
12
22
43
25
14
4
46
10
26
41
46
33
1
35
6
6
34
12
47
20
32
39
19
40000
18
30
32
37
16
31
42
8
2
16
11
39
25
48
3
8
0
29
26
14
38
43
0
5
24
1
4
10
25
45
23
11
31
44
17
20
22
13
44
11
19
30
15
21
34
10
25
3
42
38
40
41
16
23
4
25
49
0
18
12
1
49
3
40
20
13
21
23
32
24
13
32
49
30
44
38
43
0
23
29
27
0
31
38
49
34
25
40
18
33
45
29
19
43
2
35
30
3
4
22
34
8
12
44
29
12
17
30
34
5
26
36
14
23
15
44
30
16
0
17
31
37
0
19
31
42
39
32
11
15
25
32
19
49
39
10
34
7
30
35
45
0
15
26
8
36
19
25
37
44
16
14
45
36
13
28
26
26
24
31
6
35
6
8
31
13
0
44
43
43
16
48
4
21
43
26
48
48
5
42
21
13
7
13
7
48
15
36
23
22
23
28
34
21
45
0
16
47
5
3
27
39
40
50
36
1
40
15
35
13
49
45
44
12
36
42
50
11
3
41
46
26
4
19
1
29
8
43
49
22
26
40
47
48
32
41
15
47
42
13
11
18
31
37
37
48
38
23
46
32
0
14
35
22
37
12
24
7
27
40
45
11
43
45
16
23
34
20
9
32
4
38
26
40
23
22
21
13
5
22
0
46
47
28
13
20
19
17
32
27
34
3
20
1
42
34
11
20
46
14
28
21
50
38
22
11
21
21
28
50
33
48000
10
48
15
33
16
6
46
31
16
12
44
27
27
24
39
23
5
3
35
16
26
28
6
34
21
34
24
48
5
13
36
6
30
8
6
41
6
20
32
29
18
28
1
0
24
9
7
9
27
23
12
39
21
32
24
11
47
37
37
27
17
50
40
16
21
11
40
16
37
20
28
5
48
11
32
13
46
47
5
41
22
20
41
40
41
11
25
45
27
15
16
15
43
17
42
27
8
1
50
41
1
37
16
9
29
29
11
43
39
32
36
17
4
33
23
1
23
18
2
14
47
45
6
22
33
45
35
38
24
28
27
41
11
15
29
4
7
21
32
45000
47
3
42
22
44
33
28
50
35
16
48
48
7
49
15
11
8
30
32
15
41
19
18
2
2
46
17
11
50
47
34
8
19
3
3
18
14
35
50
38
49
8
38
34
4
28
48
30
46
49
43
50
12
45
24
36
11
14
45
20
25
30
38
12
48
26
39
12
1
33
2
16
19
9
19
14
45
38
37
46
40
44
22
49
44
45
13
29
24
21
11
43
36
11
20
41
35
41
44
5
21
0
37
15
28
29
38
9
43
38
32
8
13
7
17
12
30
49
4
3
35
31
50
22
24
22
0
39
11
39
6
26
30
32
34
43
27
26
26
24
42
1
0
32
30
13
16
12
12
27
22
31
34
48
27
41
41
29
15
47
17
3
20
16
28
40
28
1
10
39
45
11
7
6
50
42
42
50
9
37
30
0
6
1
18
12
49
8
34
45
31
33
16
46
15
34
10
50
38
19
33
35
41
18
1
37
41
13
23
10
6
17
39
3
36
36
30
24
48
21
14
6
49
35
34
0
23
44
37
20
41
14
37
42
42
30
39
13
5
23
41
14
32
26
13
42
33
19
28
53387
13528
16396
29087
57033
42491
3719
4484
36762
55606
63580
64004
43277
38358
28254
10848
60174
40567
30226
52347
25732
13753
49842
59029
43221
37033
51921
45617
33943
10308
62205
60324
55027
11562
32328
9215
17812
52386
626
13187
41022
10509
49004
64232
27251
1526
34642
7678
18417
35146
20395
18040
34708
16706
27810
27959
18503
18546
26154
24096
45156
42081
3608
40544
2104
58167
49841
43085
2762
7777
22705
50776
54673
18794
33878
39157
46854
17669
54861
57466
63511
39026
16819
30318
29657
977
46439
47950
15242
23731
49439
32837
47055
48332
2735
25687
7879
64634
9930
5695
63124
4181
6117
42216
45974
60447
4368
44899
7422
5332
9338
41331
48107
16375
57462
48952
18437
52515
30510
59726
58192
45158
32010
43556
63528
42448
19637
57258
53650
7283
51901
29873
54273
18210
24832
30157
49321
32585
52983
36484
23348
50651
53886
61086
50464
8698
8419
29293
25675
24296
20381
58947
17823
52300
53344
40134
23035
37772
35814
62583
8935
44137
10257
7568
14177
40522
22874
56968
37958
7116
27718
53980
32719
18764
15063
44097
63936
59778
49943
49317
40883
13637
13143
51399
52825
65270
35001
22790
8331
1731
56511
55856
28124
16753
37243
62113
59210
16996
29774
44395
7228
15229
38733
11009
45286
1472
59313
57207
14346
41600
52274
17723
61714
58371
62409
3234
54042
37998
17681
30226
3542
8751
57079
31543
6581
4461
48529
9342
20370
3003
26016
42674
17054
30383
49903
47854
54276
12674
4243
13499
32441
9848
7149
5070
63468
35974
744
18476
43811
42321
62273
1778
28212
3392
54798
23767
10836
40046
20759
22837
8077
32728
13015
50664
15969
1010
17225
22635
3205
29474
33286
13938
28254
39082
37429
38759
46631
10091
13529
42000
18722
20054
1163
24850
43267
32111
16404
13382
13688
49281
48169
34867
17116
22435
48756
11135
24082
21407
21757
27214
55166
55871
34265
48978
50677
2494
38294
28356
4894
27870
5771
16917
56063
31210
54417
48031
6801
33788
47170
22645
54360
38781
20943
39723
25310
37877
47643
22252
35801
52718
19388
44296
33758
49270
37779
33238
21915
20454
9839
4316
18100
15516
53835
39092
50661
16229
1506
18598
64881
13352
61251
48433
37945
29855
18371
34860
34081
6305
26369
14782
55902
64013
28374
35733
45727
47829
23592
29297
29455
48384
37269
56309
25314
20873
17755
53760
28504
2258
11651
4393
45059
54275
29744
51017
50114
44806
2148
19221
1206
50603
55885
4441
52550
15908
15968
21492
10549
13715
1296
25220
33941
24901
33769
61662
33458
55790
13167
5215
2054
51609
41892
4360
25563
10010
51573
6876
51941
37331
9156
2874
6068
27982
50013
35330
24955
43482
53783
58377
19578
8403
14895
44571
2990
35062
18406
29678
27181
3091
3675
27569
23658
3380
10570
22228
62675
26903
31797
48070
33667
813
45953
33920
11251
35136
47178
25083
30359
39409
42372
56587
28583
32204
19201
50074
7100
54790
24600
55495
59060
29261
14731
61744
17668
5872
28881
43155
9461
1256
8155
42553
55927
18472
42959
58823
46897
32831
13312
33304
7869
18062
4726
38492
39058
51067
4933
28133
25785
15929
45394
21114
271
10142
52113
31176
31885
22043
22483
31119
39592
56049
107
45618
7857
5676
63323
4703
10146
48482
58483
40455
1497
53343
19824
26901
26660
35212
19688
42643
51665
8980
35347
43051
42683
32184
42006
6717
24113
42466
4213
19711
7041
32042
33173
49491
38722
57185
40946
49352
33389
64349
15901
63506
43387
37065
50043
52120
17564
54193
32469
28570
60142
5522
58849
58549
44303
52120
61268
50111
53600
1082
26575
60971
50849
56114
45835
35299
1084
19338
39522
4141
12777
55875
64822
19109
58364
2828
39612
49807
15405
4202
40039
943
23021
12429
31538
53630
9971
9744
34414
907
3816
16210
49743
8271
25919
49123
13134
50873
6112
3624
19918
7657
38715
65149
41108
27643
3302
2316
9863
2867
31884
49305
19522
30324
10940
31879
19756
32917
19561
27377
57005
15405
52132
40960
44711
61915
53366
20208
57230
55006
53377
7845
58257
47637
14472
3110
51039
20552
28457
42163
15761
42173
35334
49012
9487
38697
54006
35052
47490
39587
59144
23908
17373
17078
54140
10365
38461
62120
47015
22649
23771
26165
28253
31214
32642
30191
62560
30057
11298
48620
30429
41607
5191
48612
21179
49896
49634
58012
28253
51826
44740
39398
10973
15727
13776
63816
5900
64649
54842
14289
32878
28673
9518
22390
53755
49699
48266
16069
7019
58108
26574
39464
3844
35621
46282
12797
35701
52329
40049
15752
6429
2966
63840
20887
62031
28669
33499
58596
35128
65179
49736
2628
12338
7240
24122
62025
44722
21240
34615
32858
6517
40269
10708
62488
48407
2585
48031
62675
30301
1361
48069
25643
62967
30077
39505
2872
878
12893
22989
7148
62902
14471
15675
39917
56281
28074
18620
51122
23862
44398
20022
11125
62588
48220
63909
27551
57420
44831
27626
62331
45897
59189
4735
1887
19901
19737
24153
24783
4953
39279
8949
23521
22254
19240
36162
39647
10193
5280
38357
45393
44746
61230
918
41776
53062
45671
7784
40920
49055
49017
37742
42491
34316
7700
13516
10176
31772
41394
12839
50282
18609
47424
46663
45026
39480
38065
63778
23377
16419
42880
37719
57000
4501
40095
32504
59816
55978
63149
53545
36662
31415
27390
31397
44227
33491
21545
29513
59132
20123
26878
54135
19003
12302
55376
30177
21148
3005
42651
37749
19048
61522
45521
25919
1652
19441
14440
16273
29277
35755
11445
19720
60723
59102
41624
57436
62845
20901
19184
13946
1246
56732
2171
60113
39176
49883
400
41301
51983
18418
2971
45449
55254
37020
4744
9271
33225
52265
20891
51449
9717
35522
2077
55901
57728
42377
25793
5580
10588
20481
46561
22501
54999
19042
41845
30989
52622
13480
61313
28349
35508
35550
42557
29003
44824
49170
8740
60441
5276
19616
36632
44351
63999
4456
51785
24234
5168
38931
4337
38138
6453
19410
2406
46946
33666
5891
38896
26656
9786
49328
50562
51436
646
25351
16068
44941
7174
17143
3434
21149
18485
55383
4429
35069
24071
47581
24071
29720
50143
45486
62780
6833
16869
3808
6854
57964
20099
33500
63077
19855
14810
63691
20267
58073
4174
52773
38326
18671
26197
15976
51453
19974
34237
56914
35277
23368
41488
46024
22981
32335
44710
48498
38239
7280
7294
49623
10796
60228
54246
58158
15792
18951
35808
43296
65191
8713
56605
45367
33573
31058
5338
17417
11486
43735
18711
45837
1728
20283
47314
61947
44125
42263
45158
22788
22185
40052
30827
9724
33315
20382
30090
11295
19551
52445
11063
65216
39640
33722
34126
58856
5287
10268
64220
46075
23355
38128
51850
62753
7409
5902
59940
38180
47501
16725
5246
64638
16973
55361
28037
24499
58849
65394
45168
37776
1196
37164
28787
46642
63476
64841
43489
25357
35738
64254
40667
4507
25972
9497
46264
14222
48309
61320
53352
50345
50997
3175
29205
45266
44602
42681
17519
11691
13218
35744
5429
16279
44158
9192
29090
19286
27193
38354
9401
51400
28336
10560
19110
53071
60848
30747
30307
40082
20663
51119
17665
62775
43038
2305
15079
13237
40667
10807
43900
1898
65114
21632
33520
45436
34066
8824
28088
42825
9135
2032
18203
44244
51077
61036
53900
43866
23441
28342
10513
51743
54022
39643
30141
34431
54626
11854
37219
64337
37506
57863
51392
15895
57240
32352
10642
58273
5578
922
6050
44957
45773
438
47594
9998
56816
53762
39856
64321
58543
54612
17392
7080
63029
9546
1236
18730
51604
50674
49439
15087
55922
39547
37743
65522
28275
22726
25667
22487
55504
1037
12692
63836
52494
53539
63934
35666
56793
56473
60348
52518
53390
21763
9660
51882
40890
33044
37950
49989
4858
53347
6680
38076
32515
28193
43397
36600
64776
22836
32181
58804
23289
52519
39945
7868
51398
6297
2454
3347
36202
56435
24274
63850
47263
61697
10999
63706
60706
63
38357
24125
87
38967
1611
53151
21324
7855
37908
6971
4489
19465
33064
16676
3579
17859
7362
3971
34010
34596
22326
47778
10751
53417
10456
64860
10132
1808
27997
38919
38528
12008
35095
33124
19671
14996
57222
4837
21231
6625
20518
41209
59608
50868
18358
32073
54402
47768
19335
7152
26575
15580
55111
15628
12147
16756
14357
61782
37984
54329
53322
12501
57094
15861
31439
52887
46785
53534
17206
38168
27393
60598
34945
10929
14878
44153
63035
41248
40474
28552
51136
31964
62731
15840
8222
25242
40959
20313
24723
18849
35605
52706
20334
51111
54896
35447
58332
29270
62091
9723
26955
40866
54909
38281
29969
25633
22018
52418
12437
17453
1936
12919
62231
64164
985
4707
40714
11593
38679
14761
2830
17338
28640
55998
59631
56152
28532
8742
17195
48891
23946
60774
34460
1257
65417
15398
50466
22422
504
15981
35291
10326
22338
28408
50660
13624
32412
18680
3432
20435
7352
19418
26105
6945
35649
35279
29420
14928
15537
46347
53116
51142
22439
38962
9883
41181
51865
2979
42242
45796
61577
45480
34183
42036
38008
37617
32870
50296
6571
37114
27269
11607
28248
33766
65068
59470
50347
57918
43474
34031
24869
25398
13865
34124
13596
47779
60405
39100
23504
22989
47370
11106
49395
52117
61464
23616
53702
24400
64459
58899
26313
39630
62828
15483
38094
5292
3605
32813
9835
10929
37999
16880
26439
6159
33979
37643
63521
32271
33338
7447
10936
2291
51715
33144
16078
51049
53312
46750
33535
63797
27105
15135
47775
22542
10289
45004
32883
12376
33312
25602
22447
40207
36680
52239
34616
39536
16101
51835
37891
20548
38444
15932
5871
43808
25527
30462
35357
7104
11299
52356
17832
14066
65073
11930
3571
41001
65313
31622
9025
31296
52930
1695
39180
47061
1957
45194
63608
57300
14326
62458
6631
56818
31029
27460
52866
30387
19930
37989
24222
37382
25553
63840
3184
62176
27709
31248
24704
41160
13302
44912
62872
36578
10508
12363
33090
19511
33096
25349
6980
59405
24882
7904
7606
32585
35140
43017
48225
40479
36046
28641
9724
62792
19340
24706
22524
51738
56263
6432
7892
56124
25914
12530
4699
43370
34090
9575
49384
34275
20857
0
0
0
0
0
0
0
0
0
0
0
0
0
0
0
0
0
0
0
0
0
0
0
0
0
0
0
0
0
0
0
0
0
0
0
0
0
0
0
0
0
0
0
0
0
0
0
0
0
0
0
0
0
0
0
0
0
0
0
0
0
0
0
0
0
0
0
0
0
0
0
0
0
0
0
0
0
0
0
0
0
0
0
0
0
0
0
0
0
0
0
0
0
0
0
0
0
0
0
0
0
0
0
0
0
0
0
0
0
0
0
0
0
0
0
0
0
0
0
0
0
0
0
0
0
0
0
0
0
0
0
0
0
0
0
0
0
0
0
0
0
0
0
0
0
0
0
0
0
0
0
0
0
0
0
0
0
0
0
0
0
0
0
0
30000
30000
30000
30000
0
0
0
0
0
0
0
0
0
0
0
0
0
0
0
0
0
0
0
0
0
0
0
0
0
0
0
0
0
0
0
0
0
0
0
0
30000
30000
30000
30000
0
0
0
0
0
0
0
0
0
0
0
0
0
0
0
0
0
0
0
0
0
0
0
0
0
0
0
0
0
0
0
0
0
0
0
0
30000
30000
30000
30000
0
0
0
0
0
0
0
0
0
0
0
0
30000
30000
30000
30000
0
0
0
0
0
0
0
0
0
0
0
0
0
0
0
0
0
0
0
0
30000
30000
30000
30000
0
0
0
0
0
0
0
0
0
0
0
0
30000
30000
30000
30000
0
0
0
0
0
0
0
0
0
0
0
0
0
0
0
0
0
0
0
0
0
0
0
0
0
0
0
0
0
0
0
0
0
0
0
0
30000
30000
30000
30000
0
0
0
0
0
0
0
0
0
0
0
0
0
0
0
0
0
0
0
0
0
0
0
0
0
0
0
0
0
0
0
0
0
0
0
0
30000
30000
30000
30000
0
0
0
0
0
0
0
0
0
0
0
0
0
0
0
0
0
0
0
0
0
0
0
0
0
0
0
0
0
0
0
0
0
0
0
0
0
0
0
0
0
0
0
0
0
0
0
0
0
0
0
0
0
0
0
0
0
0
0
0
0
0
0
0
0
0
0
0
0
0
0
0
0
0
0
0
0
0
0
0
0
0
0
0
0
0
0
0
0
0
0
0
0
0
0
0
0
0
0
0
0
0
0
0
0
0
0
0
0
0
0
0
0
0
0
0
0
0
0
0
0
0
0
0
0
0
0
0
0
0
0
0
0
0
0
0
0
0
0
0
0
0
0
0
0
0
0
0
0
0
0
0
0
0
0
0
0
0
0
0
0
0
0
0
0
0
0
0
0
0
0
0
0
0
0
0
0
0
0
0
0
0
0
0
0
0
0
0
0
0
0
0
0
0
0
0
0
0
0
0
0
0
0
0
0
0
0
0
0
0
0
0
0
0
0
0
0
0
0
0
0
0
0
0
0
0
0
0
0
0
0
0
0
0
0
0
0
0
0
0
0
0
0
0
0
0
0
0
0
0
0
0
0
0
0
0
0
0
0
0
0
0
0
0
0
0
0
0
0
0
0
0
0
0
0
0
0
0
0
0
0
0
0
0
0
0
0
0
0
0
0
0
0
0
0
0
0
0
0
0
0
0
0
0
0
0
0
0
0
0
0
0
0
0
0
0
0
0
0
0
0
0
0
0
0
0
0
0
0
0
0
0
0
0
0
0
0
0
0
0
0
0
0
0
0
0
0
0
0
0
0
0
0
0
0
0
0
0
0
0
0
0
0
0
0
0
0
0
0
0
0
0
0
0
0
0
0
0
0
0
0
0
0
0
0
0
0
0
0
0
0
0
0
0
0
0
0
0
0
0
0
0
0
0
0
0
0
0
0
0
0
0
0
0
0
0
0
0
0
0
0
0
0
0
0
0
0
0
0
0
0
0
0
0
0
0
0
0
0
0
0
0
0
0
0
0
0
0
0
0
0
0
0
0
0
0
0
0
0
0
0
0
0
0
0
0
0
0
0
0
0
0
0
0
0
0
0
0
0
0
0
0
0
0
0
0
0
0
0
0
0
0
0
0
0
0
0
0
0
0
0
0
0
0
0
0
0
0
0
0
0
0
0
0
0
0
0
0
0
0
0
0
0
0
0
0
0
0
0
0
0
0
0
0
0
0
0
0
0
0
0
0
0
0
0
0
0
0
0
0
0
0
0
0
0
0
0
0
0
0
0
0
0
0
0
0
0
0
0
0
0
0
0
0
0
0
0
0
0
0
0
0
0
0
0
0
0
0
0
0
0
0
0
0
0
0
0
0
0
0
0
0
0
0
0
0
0
0
0
0
0
0
0
0
0
0
0
0
0
0
0
0
0
0
30000
30000
30000
30000
0
0
0
0
0
0
0
0
0
0
0
0
0
0
0
0
0
0
0
0
0
0
0
0
0
0
0
0
0
0
0
0
0
0
0
0
30000
30000
30000
30000
0
0
0
0
0
0
0
0
0
0
0
0
0
0
0
0
0
0
0
0
0
0
0
0
0
0
0
0
0
0
0
0
0
0
0
0
30000
30000
30000
30000
0
0
0
0
0
0
0
0
0
0
0
0
0
0
0
0
0
0
0
0
0
0
0
0
0
0
0
0
0
0
0
0
0
0
0
0
30000
30000
30000
30000
0
0
0
0
0
0
0
0
0
0
0
0
0
0
0
0
30000
30000
30000
30000
0
0
0
0
0
0
0
0
0
0
0
0
0
0
0
0
0
0
0
0
0
0
0
0
0
0
0
0
0
0
0
0
0
0
0
0
30000
30000
30000
30000
0
0
0
0
0
0
0
0
0
0
0
0
0
0
0
0
0
0
0
0
0
0
0
0
0
0
0
0
0
0
0
0
0
0
0
0
30000
30000
30000
30000
0
0
0
0
0
0
0
0
0
0
0
0
0
0
0
0
0
0
0
0
0
0
0
0
0
0
0
0
0
0
0
0
0
0
0
0
30000
30000
30000
30000
0
0
0
0
0
0
0
0
0
0
0
0
0
0
0
0
0
0
0
0
0
0
0
0
0
0
0
0
0
0
0
0
0
0
0
0
0
0
0
0
0
0
0
0
0
0
0
0
0
0
0
0
0
0
0
0
0
0
0
0
0
0
0
0
0
0
0
0
0
0
0
0
0
0
0
0
0
0
0
0
0
0
0
0
0
0
0
0
0
0
0
0
0
0
0
0
0
0
0
0
0
0
0
0
0
0
0
0
0
0
0
0
0
0
0
0
0
0
0
0
0
0
0
0
0
0
0
0
0
0
0
0
0
0
0
0
0
0
0
0
0
0
0
0
0
0
0
0
0
0
0
0
0
0
0
0
0
0
0
0
0
0
0
0
0
0
0
0
0
0
0
0
0
0
0
0
0
0
0
0
0
0
0
0
0
0
0
0
0
0
0
0
0
0
0
0
0
0
0
0
0
0
0
0
0
0
0
0
0
0
0
0
0
0
0
0
0
0
0
0
0
0
0
0
0
0
0
0
0
0
0
0
0
0
0
0
0
0
0
0
0
0
0
0
0
0
0
0
0
0
0
0
0
0
0
0
0
0
0
0
0
0
0
0
0
0
0
0
0
0
0
0
0
0
0
0
0
0
0
0
0
0
0
0
0
0
0
0
0
0
0
0
0
0
0
0
0
0
0
0
0
0
0
0
0
0
0
0
0
0
0
0
0
0
0
0
0
0
0
0
0
0
0
0
0
0
0
0
0
0
0
0
0
0
0
0
0
0
0
0
0
0
0
0
0
0
0
0
0
0
0
0
0
0
0
0
0
0
0
0
0
0
0
0
0
0
0
0
0
0
0
0
0
0
0
0
0
0
0
0
0
0
0
0
0
0
0
0
0
0
0
0
0
0
0
0
0
0
0
0
0
0
0
0
0
0
0
0
0
0
0
0
0
0
0
0
0
0
0
0
0
0
0
0
0
0
0
0
0
0
0
0
0
0
0
0
0
0
0
0
0
0
0
0
0
0
0
0
0
0
0
0
0
0
0
0
0
0
0
0
0
0
0
0
0
0
0
0
0
0
0
0
0
0
0
0
0
0
0
0
0
0
0
0
0
0
0
0
0
0
0
0
0
0
0
0
0
0
0
0
0
0
0
0
0
0
0
0
0
0
0
0
0
0
0
0
0
0
0
0
0
0
0
0
0
0
0
0
0
0
0
0
0
30000
0
0
0
0
0
0
0
0
0
0
0
0
0
0
0
0
0
0
0
0
0
0
0
0
0
0
0
0
0
27000
0
0
0
0
0
0
0
0
0
0
0
0
0
0
0
0
0
0
0
0
0
0
0
0
0
0
0
0
0
0
0
0
0
0
0
0
0
0
0
0
0
0
0
0
0
0
0
0
0
0
0
0
0
0
0
0
0
0
0
0
0
0
0
0
0
0
0
0
0
0
0
0
0
0
0
0
0
0
0
0
0
0
0
0
0
0
0
0
0
0
0
0
0
0
0
0
0
0
0
0
0
0
0
0
0
0
0
0
0
0
0
0
0
0
0
0
0
0
0
0
0
0
0
0
0
0
0
0
0
0
0
0
0
0
0
0
0
0
0
0
0
0
0
0
0
0
0
0
0
0
0
0
0
0
0
0
0
0
0
0
0
0
0
0
0
0
0
0
0
0
0
0
0
0
0
0
0
0
0
0
0
0
0
0
0
0
0
0
0
0
0
0
0
0
0
0
0
0
0
0
0
0
0
0
0
0
0
0
0
0
0
0
0
0
0
0
0
0
0
0
0
0
0
0
0
0
0
0
0
0
0
0
0
0
0
0
0
0
0
0
0
0
0
0
0
0
0
0
0
0
0
0
0
0
0
0
0
0
0
0
0
0
0
0
0
0
0
0
0
0
0
0
0
0
0
0
0
0
0
0
0
0
0
0
0
0
0
0
0
0
0
0
0
0
0
0
0
0
0
0
0
0
0
0
0
0
0
0
0
0
0
0
0
0
0
0
0
0
0
0
0
0
0
0
0
0
0
0
0
0
0
0
0
0
0
0
0
0
0
0
0
0
0
0
0
0
0
0
0
0
0
0
0
0
0
0
0
0
0
0
0
0
0
0
0
0
0
0
0
0
0
0
0
0
0
0
0
0
0
0
0
0
0
0
0
0
0
0
0
0
0
0
0
0
0
0
0
0
0
0
0
0
0
0
0
0
0
0
0
0
0
0
0
0
0
0
0
0
0
0
0
0
0
0
0
0
0
0
0
0
0
0
0
0
0
0
0
0
0
0
0
0
0
0
0
0
0
0
0
0
0
0
0
0
0
0
0
0
0
0
0
0
0
0
0
0
0
0
0
0
0
0
0
0
0
0
0
0
0
0
0
0
0
0
0
0
0
0
0
0
0
0
0
0
0
0
0
0
0
0
0
0
0
0
0
0
0
0
0
0
0
0
0
0
0
0
0
0
0
0
0
0
0
0
0
0
0
0
0
0
0
0
0
0
0
0
0
0
0
0
0
0
0
0
0
0
0
0
0
0
0
0
0
0
0
0
0
0
0
0
0
0
0
0
0
0
0
0
0
0
0
0
0
0
0
0
0
0
0
0
0
0
0
0
60000
0
0
59000
0
0
0
0
0
0
0
0
0
0
0
0
0
0
0
0
0
0
0
0
0
0
0
0
0
0
0
0
0
0
0
0
0
0
0
0
0
0
0
0
0
0
0
0
0
0
0
0
0
0
0
0
0
0
0
0
0
0
0
0
0
0
0
0
0
0
0
0
0
0
0
0
0
0
0
0
0
0
0
0
0
0
0
0
0
0
0
0
0
0
0
0
0
0
0
0
0
0
0
0
0
0
0
0
0
0
0
0
0
0
0
0
0
0
0
0
0
0
0
0
0
0
0
0
0
0
0
0
0
0
0
0
0
0
0
0
0
0
0
0
0
0
0
0
0
0
0
0
0
0
0
0
0
0
0
0
58000
0
0
0
0
0
0
0
0
0
0
0
0
0
0
0
0
0
0
0
0
0
0
0
0
0
0
0
0
0
0
0
0
0
0
0
0
0
0
0
0
0
0
0
0
57000
0
0
0
0
0
0
0
0
0
0
0
0
0
0
0
0
0
0
0
0
0
0
0
0
0
0
0
0
0
0
0
0
0
0
0
0
0
0
0
0
0
0
0
0
0
0
0
0
0
0
0
0
0
0
0
0
0
0
0
0
0
0
0
0
0
0
0
0
0
0
0
0
0
0
0
0
0
0
0
0
0
0
0
0
0
0
0
0
0
0
0
0
0
0
0
0
0
0
0
0
0
0
0
0
0
0
0
0
0
0
0
0
0
0
0
0
0
0
0
0
0
0
0
0
0
0
0
0
0
0
0
0
0
0
0
0
0
0
0
0
0
0
0
0
0
0
0
0
0
0
0
0
0
0
0
0
0
0
0
0
0
0
0
0
0
0
0
0
0
0
0
0
0
0
0
0
0
0
0
0
0
0
0
0
0
0
0
0
0
0
0
0
0
0
0
0
0
0
0
0
0
0
0
0
0
0
0
0
0
0
0
0
0
0
0
0
0
0
0
0
0
0
0
0
0
0
0
0
0
0
0
0
0
0
0
0
0
0
0
0
0
0
0
0
0
0
0
0
0
0
0
0
0
0
0
0
0
0
0
0
0
0
0
0
0
0
0
0
0
0
0
0
0
0
0
0
0
0
0
0
0
0
0
0
0
0
0
0
0
0
0
0
0
0
0
0
0
0
0
0
0
0
0
0
0
0
0
0
0
0
0
0
0
0
0
0
0
0
0
0
0
0
0
0
0
0
0
0
0
0
0
0
0
0
0
0
0
0
0
0
0
0
0
0
0
0
0
0
0
0
0
0
0
0
0
0
0
0
0
0
0
0
0
0
0
0
0
0
0
0
0
0
0
0
0
0
0
0
0
28000
0
0
0
0
0
0
0
0
0
0
0
0
0
0
0
0
0
0
0
0
0
0
0
0
0
0
0
0
0
29000
0
0
0
0
0
0
0
0
0
0
0
0
0
0
0
0
0
0
0
0
0
0
0
0
0
0
0
0
0
0
0
0
0
0
0
0
0
0
0
0
0
0
0
0
0
0
0
0
0
0
0
0
0
0
0
0
0
0
0
0
0
0
0
0
0
0
0
0
0
0
0
0
0
0
0
0
0
0
0
0
0
0
0
0
0
0
0
0
0
0
0
0
0
0
0
0
0
0
0
0
0
0
0
0
0
0
0
0
0
0
0
0
0
0
0
0
0
0
0
0
0
0
0
0
0
0
0
0
0
0
0
0
0
0
0
0
0
0
0
0
0
0
0
0
0
0
0
0
0
0
0
0
0
0
0
0
0
0
0
0
0
0
0
0
65535
0
0
0
0
0
0
0
0
0
0
0
0
0
0
0
0
0
0
0
65531
0
0
0
0
0
0
0
0
0
0
0
0
0
0
0
0
0
0
65534
0
0
0
0
0
0
0
0
0
0
0
0
0
0
0
0
0
0
0
0
0
0
0
0
0
0
0
0
0
0
0
0
0
0
0
0
0
0
0
0
0
0
0
0
0
0
0
0
0
0
0
0
0
0
0
0
0
0
0
0
0
0
0
0
0
0
0
0
0
0
0
0
0
0
0
0
0
0
0
0
0
0
0
0
0
0
0
0
0
0
0
0
0
0
0
0
0
0
0
0
0
0
0
0
0
0
0
0
0
0
0
0
0
0
0
0
0
0
0
0
0
0
0
0
0
0
0
0
0
0
0
0
0
0
0
0
0
0
0
0
0
0
0
0
0
0
0
0
0
0
0
0
0
0
0
0
0
0
0
0
0
0
0
0
0
0
0
0
0
0
0
0
0
0
0
0
0
0
0
0
0
0
0
0
0
0
0
0
0
0
0
0
0
0
0
0
0
0
0
0
0
0
0
0
0
0
0
0
0
0
0
0
0
0
0
0
0
0
0
0
0
0
0
0
0
0
0
0
0
0
0
0
0
0
0
0
0
0
0
0
0
0
0
0
0
0
0
0
0
0
0
0
0
0
0
0
0
0
0
0
0
0
0
0
0
0
0
0
0
0
0
0
0
0
0
0
0
0
0
0
0
0
0
0
0
0
0
0
0
0
0
0
0
0
0
0
0
0
0
0
0
0
0
0
0
0
0
0
0
0
0
0
0
0
0
0
0
0
0
0
0
0
0
0
0
0
0
0
0
0
0
0
0
0
0
0
0
0
0
0
0
0
0
0
0
0
0
0
0
0
0
0
0
0
0
0
0
0
0
0
0
0
0
0
0
0
0
0
0
0
0
0
0
0
0
0
0
0
0
0
0
0
0
0
0
0
0
0
0
0
0
0
0
0
0
0
0
0
0
0
0
0
0
0
0
0
0
0
0
0
0
0
0
0
0
0
0
0
0
0
0
0
0
0
0
0
0
0
0
0
0
0
0
0
0
0
0
0
0
0
0
0
0
0
0
0
0
0
0
0
0
0
0
0
0
0
0
0
0
0
0
0
0
0
0
0
0
0
0
0
0
0
0
0
0
0
0
0
0
0
0
0
0
0
0
0
0
0
0
0
0
0
0
0
0
0
0
0
0
0
0
0
0
0
0
0
0
0
0
0
0
0
0
0
0
0
0
0
0
0
0
0
0
0
0
0
0
0
0
0
0
0
0
0
0
0
0
0
0
0
0
0
0
0
0
0
0
0
0
0
0
0
0
0
0
0
0
0
0
0
0
0
0
0
0
0
0
0
0
0
0
0
0
0
0
0
0
0
0
0
0
0
0
0
0
0
0
0
0
0
0
0
0
0
0
0
0
0
0
0
0
0
0
0
0
0
0
0
0
0
0
0
0
0
0
0
0
0
0
0
0
0
0
0
0
0
0
0
0
0
0
0
0
0
0
0
0
0
0
0
0
0
0
0
0
0
0
0
0
0
0
0
0
0
0
0
0
0
0
0
0
0
0
0
0
0
0
0
0
0
0
0
0
0
0
0
0
0
0
0
0
0
0
0
0
0
0
0
0
0
0
0
0
0
0
0
0
0
0
0
0
0
0
0
0
0
0
0
0
0
0
0
0
0
0
0
0
0
0
0
0
0
0
0
0
0
0
0
0
0
0
0
0
0
0
0
0
0
0
0
0
0
0
0
0
0
0
0
0
0
0
0
0
0
0
0
0
0
0
0
65530
0
0
0
0
0
0
0
0
0
0
0
0
0
0
0
0
0
0
0
0
0
0
0
0
0
0
0
0
0
0
0
0
0
0
0
0
0
0
0
0
0
0
0
0
0
0
0
0
0
0
0
0
0
0
0
0
0
0
0
0
0
0
0
0
0
0
0
0
0
0
0
0
0
0
0
0
0
0
0
0
0
0
0
0
0
0
0
0
0
0
0
0
0
0
0
0
0
0
0
0
0
0
0
0
0
0
0
0
0
0
0
0
0
0
0
0
0
0
0
0
0
0
0
0
0
0
0
0
0
0
0
0
0
0
0
0
0
0
0
0
0
0
0
0
0
0
0
0
0
0
0
0
0
0
0
0
0
0
0
0
0
0
0
0
0
0
0
0
0
0
0
0
0
0
0
0
0
0
0
0
0
0
0
0
0
0
0
0
0
0
0
0
0
0
0
0
0
0
0
0
0
0
0
0
0
0
0
0
0
0
0
0
0
0
0
0
0
0
0
0
0
0
0
0
0
0
0
0
0
0
0
0
0
0
0
0
0
0
0
0
0
0
0
0
0
0
0
0
0
0
0
0
0
0
0
0
0
0
0
0
0
0
0
0
0
0
0
0
0
0
0
0
0
0
0
0
0
0
0
0
0
0
0
0
0
0
0
0
0
0
0
0
0
0
0
0
0
0
0
0
0
0
0
0
0
0
0
0
0
0
0
0
0
0
0
0
0
0
0
0
0
0
0
0
0
0
0
0
0
0
0
0
0
0
0
0
0
0
0
0
0
0
0
0
0
0
0
0
0
0
0
0
0
0
0
0
0
0
0
0
0
0
0
0
0
0
0
0
0
0
0
0
0
0
0
0
0
0
0
0
0
0
0
0
0
0
0
0
0
0
0
0
0
0
0
0
0
0
0
0
0
0
0
0
0
0
0
0
0
0
0
0
0
0
0
0
0
0
0
0
0
0
0
0
0
0
0
0
0
0
0
0
0
0
0
0
0
0
0
0
0
0
0
0
0
0
0
0
0
0
0
0
0
0
0
0
0
0
0
0
0
0
0
0
0
0
0
0
0
0
0
0
0
0
0
0
0
0
0
0
0
0
0
0
0
0
0
0
0
0
0
0
0
0
0
0
0
0
0
0
0
0
0
0
0
0
0
0
0
0
0
0
0
0
0
0
0
0
0
0
0
0
0
0
0
0
0
0
0
0
0
0
0
0
0
0
0
0
0
0
0
0
0
0
0
0
0
0
0
0
0
0
0
0
0
0
0
0
0
0
0
0
0
0
0
0
0
0
0
0
0
0
0
0
0
0
0
0
0
0
0
0
0
0
0
0
0
0
0
0
0
0
0
0
0
0
0
0
0
0
0
0
0
0
0
0
0
0
0
0
0
0
0
0
0
0
0
0
0
0
0
0
0
0
0
0
0
0
0
0
0
0
0
0
0
0
0
0
0
0
0
0
0
0
0
0
0
0
0
0
0
0
0
0
0
0
0
0
0
0
0
0
0
0
0
0
0
0
0
0
0
0
0
0
0
0
0
0
0
0
0
0
0
0
0
0
0
0
0
0
0
0
0
0
0
0
0
0
0
0
0
0
0
0
0
0
0
0
0
0
0
0
0
0
0
0
0
0
0
0
0
0
0
0
0
0
0
0
0
0
0
0
0
0
0
0
0
0
0
0
0
0
0
0
0
0
0
0
0
0
0
0
0
0
0
0
0
0
0
65533
0
0
0
0
0
0
0
0
0
0
0
0
0
0
0
0
0
0
0
0
0
0
0
0
0
0
0
0
0
0
0
0
0
0
0
0
0
0
65532
0
0
0
0
0
0
0
0
0
0
0
0
0
0
0
0
0
0
0
0
0
0
0
0
0
0
0
0
0
0
0
0
0
0
0
0
0
0
0
0
0
0
0
0
0
0
0
0
0
0
0
0
0
0
0
0
0
0
0
0
0
0
0
0
0
0
0
0
0
0
0
0
0
0
0
0
0
0
0
0
0
0
0
0
0
0
0
0
0
0
0
0
0
0
0
0
0
0
0
0
0
0
0
0
0
0
0
0
0
0
0
0
0
0
0
0
0
0
0
0
0
0
0
0
0
0
0
0
0
0
0
0
0
0
0
0
0
0
0
0
0
0
0
0
0
0
0
0
0
0
0
0
0
0
0
0
0
0
0
0
0
0
0
0
0
0
0
0
0
0
0
0
0
0
0
0
0
0
0
0
0
0
0
0
0
0
0
0
0
0
0
0
0
0
0
0
0
0
0
0
0
0
0
0
0
0
0
0
0
0
0
0
0
0
0
0
0
0
0
0
0
0
0
0
0
0
0
0
0
0
0
0
0
0
0
0
0
0
0
0
0
0
0
0
0
0
0
0
0
0
0
0
0
0
0
0
0
0
0
0
0
0
0
0
0
0
0
0
0
0
0
0
0
0
0
0
0
0
0
0
0
0
0
0
0
0
0
0
0
0
0
0
0
0
0
0
0
0
0
0
0
0
0
0
0
0
0
0
0
0
0
0
0
0
0
0
0
0
0
0
0
0
0
0
0
0
0
0
0
0
0
0
0
0
0
0
0
0
0
0
0
0
0
0
0
0
0
0
0
0
0
0
0
0
0
0
0
0
0
0
0
0
0
0
0
0
0
0
0
0
0
0
0
0
0
0
0
0
0
0
0
0
0
0
0
0
0
0
0
0
0
0
0
0
0
0
0
0
0
0
0
0
0
0
0
0
0
0
0
0
0
0
0
0
0
0
0
0
0
0
0
0
0
0
0
0
0
0
0
0
0
0
0
0
0
0
0
0
0
0
0
0
0
0
0
0
0
0
0
0
0
0
0
0
0
0
0
0
0
0
0
0
0
0
0
0
0
0
0
0
0
0
0
0
0
0
0
0
0
0
0
0
0
0
0
0
0
0
0
0
0
0
0
0
0
0
0
0
0
0
0
0
0
0
0
0
0
0
0
0
0
0
0
0
0
0
0
0
0
0
0
0
0
0
0
0
0
0
0
0
0
0
0
0
0
0
0
0
0
0
0
0
0
0
0
0
0
0
0
0
0
0
0
0
0
0
0
0
0
0
0
0
0
0
0
0
0
0
0
0
0
0
0
0
0
0
0
0
0
0
0
0
0
0
0
0
0
0
0
0
0
0
0
0
0
0
0
0
0
0
0
0
0
0
0
0
0
0
0
0
0
0
0
0
0
0
0
0
0
0
0
0
0
0
0
0
0
0
0
0
0
0
0
0
0
0
0
0
0
0
0
0
0
0
0
0
0
0
0
0
0
0
0
0
0
0
0
0
0
0
0
0
0
0
0
0
0
0
0
0
0
0
0
0
0
0
0
0
0
0
0
0
0
0
0
0
0
0
0
0
0
0
0
0
0
0
0
0
0
0
0
0
0
0
0
0
0
0
0
0
0
0
0
0
0
0
0
0
0
0
0
0
0
0
0
0
0
0
0
0
0
0
0
0
0
0
0
0
0
0
0
0
0
0
0
0
0
0
0
0
0
0
0
0
0
0
0
0
0
0
0
0
0
0
0
0
0
0
0
0
0
0
0
0
0
0
0
0
0
0
0
0
0
0
0
0
0
0
0
0
0
0
0
0
0
0
0
0
0
0
0
0
0
0
0
0
0
0
0
0
0
0
0
0
0
0
0
0
0
0
0
0
0
0
0
0
0
0
0
0
0
0
0
0
0
0
0
0
0
0
0
0
0
0
0
0
0
0
0
0
0
0
0
0
0
0
0
0
0
0
0
0
0
0
0
0
0
0
0
0
0
0
0
0
0
0
0
0
0
0
0
0
0
0
0
0
0
0
0
0
0
0
0
0
0
0
0
0
0
0
0
0
0
0
0
0
0
0
0
0
0
0
0
0
0
0
0
0
0
0
0
0
0
0
0
0
0
0
0
0
0
0
0
0
0
0
0
0
0
0
0
0
0
0
0
0
0
0
0
0
0
0
0
0
0
0
0
0
0
0
0
0
0
0
0
0
0
0
0
0
0
0
0
0
0
0
0
0
0
0
0
0
0
0
0
0
0
0
0
0
0
0
0
0
0
0
0
0
0
0
0
0
0
0
0
0
0
0
0
0
0
0
0
0
0
0
0
0
0
0
0
0
0
0
0
0
0
0
0
0
0
0
0
0
0
0
0
0
0
0
0
0
0
0
0
0
0
0
0
0
0
0
0
0
0
0
0
0
0
0
0
0
0
0
0
0
0
0
0
0
0
0
0
0
0
0
0
0
0
0
0
0
0
0
0
0
0
0
0
0
0
0
0
0
0
0
0
0
0
0
0
0
0
0
0
0
0
0
0
0
0
0
0
0
0
0
0
0
0
0
0
0
0
0
0
0
0
0
0
0
0
0
0
0
0
0
0
0
0
0
0
0
0
0
0
0
0
0
0
0
0
0
0
0
0
0
0
0
0
0
0
0
0
0
0
0
0
0
0
0
0
0
0
0
0
0
0
0
0
0
0
0
0
0
0
0
0
0
0
0
0
0
0
0
0
0
0
0
0
0
0
0
0
0
0
0
0
0
0
0
0
0
0
0
0
0
0
0
0
0
0
0
0
0
0
0
0
0
0
0
0
0
0
0
0
0
0
0
0
0
0
0
0
0
0
0
0
0
0
0
0
0
0
0
0
0
0
0
0
0
0
0
0
0
0
0
0
0
0
0
0
0
0
0
0
0
0
0
0
0
0
0
0
0
0
0
0
0
0
0
0
0
0
0
0
0
0
0
0
0
0
0
0
0
0
0
0
0
0
0
0
0
0
0
0
0
0
0
0
0
0
0
0
0
0
0
0
0
0
0
0
0
0
0
0
0
0
0
0
0
0
0
0
0
0
0
0
0
0
0
0
0
0
0
0
0
0
0
0
0
0
0
0
0
0
0
0
0
0
0
0
0
0
0
0
0
0
0
0
0
0
0
0
0
0
0
0
0
0
0
0
0
0
0
0
0
0
0
0
0
0
0
0
0
0
0
0
0
0
0
0
0
0
0
0
0
0
0
0
0
0
0
0
0
0
0
0
0
0
0
0
0
0
0
0
0
0
0
0
0
0
0
0
0
0
0
0
0
0
0
0
0
0
0
0
0
0
0
0
0
0
0
0
0
0
0
0
0
0
0
0
0
0
0
0
0
0
0
0
0
0
0
0
0
0
0
0
0
0
0
0
0
0
0
0
0
0
0
0
0
0
0
0
0
0
0
0
0
0
0
0
0
0
0
0
0
0
0
0
0
0
0
0
0
0
0
0
0
0
0
0
0
0
0
0
0
0
0
0
0
0
0
0
0
0
0
0
0
0
0
0
0
0
0
0
0
0
0
0
0
0
0
0
0
0
0
0
0
0
0
0
0
0
0
0
0
0
0
0
0
0
0
0
0
0
0
0
0
0
0
0
0
0
0
0
0
0
0
0
0
0
0
0
0
0
0
0
0
0
0
0
0
0
0
0
0
0
0
0
0
0
0
0
0
0
0
0
0
0
0
0
0
0
0
0
0
0
0
0
0
0
0
0
0
0
0
0
0
0
0
0
0
0
0
0
0
0
0
0
0
0
0
0
0
0
0
0
0
0
0
0
0
0
0
0
0
0
0
0
0
0
0
0
0
0
0
0
0
0
0
0
0
0
0
0
0
0
0
0
0
0
0
0
0
0
0
0
0
0
0
0
0
0
0
0
0
0
0
0
0
0
0
0
0
0
0
0
0
0
0
0
0
0
0
0
0
0
0
0
0
0
0
0
0
0
0
0
0
0
0
0
0
0
0
0
0
0
0
0
0
0
0
0
0
0
0
0
0
0
0
0
0
0
0
0
0
0
0
0
0
0
0
0
0
0
0
0
0
0
0
0
0
0
0
0
0
0
0
0
0
0
0
0
0
0
0
0
0
0
0
0
0
0
0
0
0
0
0
0
0
0
0
0
0
0
0
0
0
0
0
0
0
0
0
0
0
0
0
0
0
0
0
0
0
0
0
0
0
0
0
0
0
0
0
0
0
0
0
0
0
0
0
0
0
0
0
0
0
0
0
0
0
0
0
0
0
0
0
0
0
0
0
0
0
0
0
0
0
0
0
0
0
0
0
0
0
0
0
0
0
0
0
0
0
0
0
0
0
0
0
0
0
0
0
0
0
0
0
0
0
0
0
0
0
0
0
0
0
0
0
0
0
0
0
0
0
0
0
0
0
0
0
0
0
0
0
0
0
0
0
0
0
0
0
0
0
0
0
0
0
0
0
0
0
0
0
0
0
0
0
0
0
0
0
0
0
0
0
0
0
0
0
0
0
0
0
0
0
0
0
0
0
0
0
0
0
0
0
0
0
0
0
0
0
0
0
0
0
0
0
0
0
0
0
0
0
0
0
0
0
0
0
0
0
0
0
0
0
0
0
0
0
0
0
0
0
0
0
0
0
0
0
0
0
0
0
0
0
0
0
0
0
0
0
0
0
0
0
0
0
0
0
0
0
0
0
0
0
0
0
0
0
0
0
0
0
0
0
0
0
0
0
0
0
0
0
0
0
0
0
0
0
0
0
0
0
0
0
0
0
0
0
0
0
0
0
0
0
0
0
0
0
0
0
0
0
0
0
0
0
0
0
0
0
0
0
0
0
0
0
0
0
0
0
0
0
0
0
0
0
0
0
0
0
0
0
0
0
0
0
0
0
0
0
0
0
0
0
0
0
0
0
0
0
0
0
0
0
0
0
0
0
0
0
0
0
0
0
0
0
0
0
0
0
0
0
0
0
0
0
0
0
0
0
0
0
0
0
0
0
0
0
0
0
0
0
0
0
0
0
0
0
0
0
0
0
0
0
0
0
0
0
0
0
0
0
0
0
0
0
0
0
0
0
0
0
0
0
0
0
0
0
0
0
0
0
0
0
0
0
0
0
0
0
0
0
0
0
0
0
0
0
0
0
0
0
0
0
0
0
0
0
0
0
0
0
0
0
0
0
0
0
0
0
0
0
0
0
0
0
0
0
0
0
0
0
0
0
0
0
0
0
0
1234
0
0
0
0
0
0
0
0
0
0
0
0
0
0
0
0
0
0
0
0
0
0
0
0
0
0
0
0
0
0
0
0
0
0
0
0
0
0
0
0
0
0
0
0
0
0
0
0
0
0
0
0
0
0
0
0
0
0
0
0
0
0
0
0
0
0
0
0
0
0
0
0
0
0
0
0
0
0
0
0
0
0
0
0
0
0
0
0
0
0
0
0
0
0
0
0
0
0
0
0
0
0
0
0
0
0
0
0
0
0
0
0
0
0
0
0
0
0
0
0
0
0
0
0
0
0
0
0
0
0
0
0
0
0
0
0
0
0
0
0
0
0
0
0
0
0
0
0
0
0
0
0
0
0
0
0
0
0
0
0
0
0
0
0
0
0
0
0
0
0
0
0
0
0
0
0
0
0
0
0
0
0
0
0
0
0
0
0
0
0
0
0
0
0
0
0
0
0
0
0
0
0
0
0
0
0
0
0
0
0
0
0
0
0
0
0
0
0
0
0
0
0
0
0
0
0
0
0
0
0
0
0
0
0
0
0
0
0
0
0
0
0
0
0
0
0
0
0
0
0
0
0
0
0
0
0
0
0
0
0
0
0
0
0
0
0
0
0
0
0
0
0
0
0
0
0
0
0
0
0
0
0
0
0
0
0
0
0
0
0
0
0
0
0
0
0
0
0
0
0
0
0
0
0
0
0
0
0
0
0
0
0
0
0
0
0
0
0
0
0
0
0
0
0
0
0
0
0
0
0
0
0
0
0
0
0
0
0
0
0
0
0
0
0
0
0
0
0
0
0
0
0
0
0
0
0
0
0
0
0
0
0
0
0
0
0
0
0
0
0
0
0
0
0
0
0
0
0
0
0
0
0
0
0
0
0
0
0
0
0
0
0
0
0
0
0
0
0
0
0
0
0
0
0
0
0
0
0
0
0
0
0
0
0
0
0
0
0
0
0
0
0
0
0
0
0
0
0
0
0
0
0
0
0
0
0
0
0
0
0
0
0
0
0
0
0
0
0
0
0
0
0
0
0
0
0
0
0
0
0
0
0
0
0
0
0
0
0
0
0
0
0
0
0
0
0
0
0
0
0
0
0
0
0
0
0
0
0
0
0
0
0
0
0
0
0
0
0
0
0
0
0
0
0
0
0
0
0
0
0
0
0
0
0
0
0
0
0
0
0
0
0
0
0
0
0
0
0
0
0
0
0
0
0
0
0
0
0
0
0
0
0
0
0
0
0
0
0
0
0
0
0
0
0
0
0
0
0
0
0
0
0
0
0
0
0
0
0
0
0
0
0
0
0
0
0
0
0
0
0
0
0
0
0
0
0
0
0
0
0
0
0
0
0
0
0
0
0
0
0
0
0
0
0
0
0
0
0
0
0
0
0
0
0
0
0
0
0
0
0
0
0
0
0
0
0
0
0
0
0
0
0
0
0
0
0
0
0
0
0
0
0
0
0
0
0
0
0
0
0
0
0
0
0
0
0
0
0
0
0
0
0
0
0
0
0
0
0
0
0
0
0
0
0
0
0
0
0
0
0
0
0
0
0
0
0
0
0
0
0
0
0
0
0
0
0
0
0
0
0
0
0
0
0
0
0
0
0
0
0
0
0
0
0
0
0
0
0
0
0
0
0
0
0
0
0
0
0
0
0
0
0
0
0
0
0
0
0
0
0
0
0
0
0
0
0
0
0
0
0
0
0
0
0
0
0
0
0
0
0
0
0
0
0
0
0
0
0
0
0
0
0
0
0
0
0
0
0
0
0
0
0
0
0
0
0
0
0
0
0
0
0
0
0
0
0
0
0
0
0
0
0
0
0
0
0
0
0
0
0
0
0
0
0
0
0
0
0
0
0
0
0
0
0
0
0
0
0
0
0
0
0
0
0
0
0
0
0
0
0
0
0
0
0
0
0
0
0
0
0
0
0
0
0
0
0
0
0
0
0
0
0
0
0
0
0
0
0
0
0
0
0
0
0
0
0
0
0
0
0
0
0
0
0
0
0
0
0
0
0
0
0
0
0
0
0
777
777
777
777
777
777
777
777
777
777
777
777
777
777
777
777
777
777
777
777
777
777
777
777
777
777
777
777
777
777
777
777
777
777
777
777
777
777
777
777
777
777
777
777
777
777
777
777
777
777
777
777
777
777
777
777
777
777
777
777
777
777
777
777
777
777
777
777
777
777
777
777
777
777
777
777
777
777
777
777
777
777
777
777
777
777
777
777
777
777
777
777
777
777
777
777
777
777
777
777
777
777
777
777
777
777
777
777
777
777
777
777
777
777
777
777
777
777
777
777
777
777
777
777
777
777
777
777
777
777
777
777
777
777
777
777
777
777
777
777
777
777
777
777
777
777
777
777
777
777
777
777
777
777
777
777
777
777
777
777
777
777
777
777
777
777
777
777
777
777
777
777
777
777
777
777
777
777
777
777
777
777
777
777
777
777
777
777
777
777
777
777
777
777
777
777
777
777
777
777
777
777
777
777
777
777
777
777
777
777
777
777
777
777
777
777
777
777
777
777
777
777
777
777
777
777
777
777
777
777
777
777
777
777
777
777
777
777
777
777
777
777
777
777
777
777
777
777
777
777
777
777
777
777
777
777
777
777
777
777
777
777
777
777
777
777
777
777
777
777
777
777
777
777
777
777
777
777
777
777
777
777
777
777
777
777
777
777
777
777
777
777
777
777
777
777
777
777
777
777
777
777
777
777
777
777
777
777
777
777
777
777
777
777
777
777
777
777
777
777
777
777
777
777
777
777
777
777
777
777
777
777
777
777
777
777
777
777
777
777
777
777
777
777
777
777
777
777
777
777
777
777
777
777
777
777
777
777
777
777
777
777
777
777
777
777
777
777
777
777
777
777
777
777
777
777
777
777
777
777
777
777
777
777
777
777
777
777
777
777
777
777
777
777
777
777
777
777
777
777
777
777
777
777
777
777
777
777
777
777
777
777
777
777
777
777
777
777
777
777
777
777
777
777
777
777
777
777
777
777
777
777
777
777
777
777
777
777
777
777
777
777
777
777
777
777
777
777
777
777
777
777
777
777
777
777
777
777
777
777
777
777
777
777
777
777
777
777
777
777
777
777
777
777
777
777
777
777
777
777
777
777
777
777
777
777
777
777
777
777
777
777
777
777
777
777
777
777
777
777
777
777
777
777
777
777
777
777
777
777
777
777
777
777
777
777
777
777
777
777
777
777
777
777
777
777
777
777
777
777
777
777
777
777
777
777
777
777
777
777
777
777
777
777
777
777
777
777
777
777
777
777
777
777
777
777
777
777
777
777
777
777
777
777
777
777
777
777
777
777
777
777
777
777
777
777
777
777
777
777
777
777
777
777
777
777
777
777
777
777
777
777
777
777
777
777
777
777
777
777
777
777
777
777
777
777
777
777
777
777
777
777
777
777
777
777
777
777
777
777
777
777
777
777
777
777
777
777
777
777
777
777
777
777
777
777
777
777
777
777
777
777
777
777
777
777
777
777
777
777
777
777
777
777
777
777
777
777
777
777
777
777
777
777
777
777
777
777
777
777
777
777
777
777
777
777
777
777
777
777
777
777
777
777
777
777
777
777
777
777
777
777
777
777
777
777
777
777
777
777
777
777
777
777
777
777
777
777
777
777
777
777
777
777
777
777
777
777
777
777
777
777
777
777
777
777
777
777
777
777
777
777
777
777
777
777
777
777
777
777
777
777
777
777
777
777
777
777
777
777
777
777
777
777
777
777
777
777
777
777
777
777
777
777
777
777
777
777
777
777
777
777
777
777
777
777
777
777
777
777
777
777
777
777
777
777
777
777
777
777
777
777
777
777
777
777
777
777
777
777
777
777
777
777
777
777
777
777
777
777
777
777
777
777
777
777
777
777
777
777
777
777
777
777
777
777
777
777
777
777
777
777
777
777
777
777
777
777
777
777
777
777
777
777
777
777
777
777
777
777
777
777
777
777
777
777
777
777
777
777
777
777
777
777
777
777
777
777
777
777
777
777
777
777
777
777
777
777
777
777
777
777
777
777
777
777
777
777
777
777
777
777
777
777
777
777
777
777
777
777
777
777
777
777
777
777
777
777
777
777
777
777
777
777
777
777
777
777
777
777
777
777
777
777
777
777
777
777
777
777
777
777
777
777
777
777
777
777
777
777
777
777
777
777
777
777
777
777
777
777
777
777
777
777
777
777
777
777
777
777
777
777
777
777
777
777
777
777
777
777
777
777
777
777
777
777
777
777
777
777
777
777
777
777
777
777
777
777
777
777
777
777
777
777
777
777
777
777
777
777
777
777
777
777
777
777
777
777
777
777
777
777
777
777
777
777
777
777
777
777
777
777
777
777
777
777
777
777
777
777
777
777
777
777
777
777
777
777
777
777
777
777
777
777
777
777
777
777
777
777
777
777
777
777
777
777
777
777
777
777
777
777
777
777
777
777
777
777
777
777
777
777
777
777
777
777
777
777
777
777
777
777
777
777
777
777
777
777
777
777
777
777
777
777
777
777
777
777
777
777
777
777
777
777
777
777
777
777
777
777
777
777
777
777
777
777
777
777
777
777
777
777
777
777
777
777
777
777
777
777
777
777
777
777
777
777
777
777
777
777
777
777
777
777
777
777
777
777
777
777
777
777
777
777
777
777
777
777
777
777
777
777
777
777
777
777
777
777
777
777
777
777
777
777
777
777
777
777
777
777
777
777
777
777
777
777
777
777
777
777
777
777
777
777
777
777
777
777
777
777
777
777
777
777
777
777
777
777
777
777
777
777
777
777
777
777
777
777
777
777
777
777
777
777
777
777
777
777
777
777
777
777
777
777
777
777
777
777
777
777
777
777
777
777
777
777
777
777
777
777
777
777
777
777
777
777
777
777
777
777
777
777
777
777
777
777
777
777
777
777
777
777
777
777
777
777
777
777
777
777
777
777
777
777
777
777
777
777
777
777
777
777
777
777
777
777
777
777
777
777
777
777
777
777
777
777
777
777
777
777
777
777
777
777
777
777
777
777
777
777
777
777
777
777
777
777
777
777
777
777
777
777
777
777
777
777
777
777
777
777
777
777
777
777
777
777
777
777
777
777
777
777
777
777
777
777
777
777
777
777
777
777
777
777
777
777
777
777
777
777
777
777
777
777
777
777
777
777
777
777
777
777
777
777
777
777
777
777
777
777
777
777
777
777
777
777
777
777
777
777
777
777
777
777
777
777
777
777
777
777
777
777
777
777
777
777
777
777
777
777
777
777
777
777
777
777
777
777
777
777
777
777
777
777
777
777
777
777
777
777
777
777
777
777
777
777
777
777
777
777
777
777
777
777
777
777
777
777
777
777
777
777
777
777
777
777
777
777
777
777
777
777
777
777
777
777
777
777
777
777
777
777
777
777
777
777
777
777
777
777
777
777
777
777
777
777
777
777
777
777
777
777
777
777
777
777
777
777
777
777
777
777
777
777
777
777
777
777
777
777
777
777
777
777
777
777
777
777
777
777
777
777
777
777
777
777
777
777
777
777
777
777
777
777
777
777
777
777
777
777
777
777
777
777
777
777
777
777
777
777
777
777
777
777
777
777
777
777
777
777
777
777
777
777
777
777
777
777
777
777
777
777
777
777
777
777
777
777
777
777
777
777
777
777
777
777
777
777
777
777
1000
0
0
1003
0
0
1006
0
0
1009
0
0
1012
0
0
1015
0
0
1018
0
0
1021
0
0
1024
0
0
1027
0
0
1030
0
0
1033
0
0
1036
0
0
1039
0
0
0
0
0
0
0
0
0
0
0
0
0
0
0
0
0
0
0
0
0
0
0
0
0
0
0
0
0
0
0
0
0
0
0
0
0
0
0
0
0
0
0
0
0
0
0
0
0
0
0
0
0
0
0
0
0
0
0
0
0
0
0
0
0
0
0
0
0
0
0
0
0
0
0
0
0
0
0
0
1120
0
0
1123
0
0
1126
0
0
1129
0
0
1132
0
0
1135
0
0
1138
0
0
1141
0
0
1144
0
0
1147
0
0
1150
0
0
1153
0
0
1156
0
0
1159
0
0
0
0
0
0
0
0
0
0
0
0
0
0
0
0
0
0
0
0
0
0
0
0
0
0
0
0
0
0
0
0
0
0
0
0
0
0
0
0
0
0
0
0
0
0
0
0
0
0
0
0
0
0
0
0
0
0
0
0
0
0
0
0
0
0
0
0
0
0
0
0
0
0
0
0
0
0
0
0
1240
0
0
1243
0
0
1246
0
0
1249
0
0
1252
0
0
1255
0
0
1258
0
0
1261
0
0
1264
0
0
1267
0
0
1270
0
0
1273
0
0
1276
0
0
1279
0
0
0
0
0
0
0
0
0
0
0
0
0
0
0
0
0
0
0
0
0
0
0
0
0
0
0
0
0
0
0
0
0
0
0
0
0
0
0
0
0
0
0
0
0
0
0
0
0
0
0
0
0
0
0
0
0
0
0
0
0
0
0
0
0
0
0
0
0
0
0
0
0
0
0
0
0
0
0
0
1360
0
0
1363
0
0
1366
0
0
1369
0
0
1372
0
0
1375
0
0
1378
0
0
1381
0
0
1384
0
0
1387
0
0
1390
0
0
1393
0
0
1396
0
0
1399
0
0
0
0
0
0
0
0
0
0
0
0
0
0
0
0
0
0
0
0
0
0
0
0
0
0
0
0
0
0
0
0
0
0
0
0
0
0
0
0
0
0
0
0
0
0
0
0
0
0
0
0
0
0
0
0
0
0
0
0
0
0
0
0
0
0
0
0
0
0
0
0
0
0
0
0
0
0
0
0
1480
0
0
1483
0
0
1486
0
0
1489
0
0
1492
0
0
1495
0
0
1498
0
0
1501
0
0
1504
0
0
1507
0
0
1510
0
0
1513
0
0
1516
0
0
1519
0
0
0
0
0
0
0
0
0
0
0
0
0
0
0
0
0
0
0
0
0
0
0
0
0
0
0
0
0
0
0
0
0
0
0
0
0
0
0
0
0
0
0
0
0
0
0
0
0
0
0
0
0
0
0
0
0
0
0
0
0
0
0
0
0
0
0
0
0
0
0
0
0
0
0
0
0
0
0
0
1600
0
0
1603
0
0
1606
0
0
1609
0
0
1612
0
0
1615
0
0
1618
0
0
1621
0
0
1624
0
0
1627
0
0
1630
0
0
1633
0
0
1636
0
0
1639
0
0
0
0
0
0
0
0
0
0
0
0
0
0
0
0
0
0
0
0
0
0
0
0
0
0
0
0
0
0
0
0
0
0
0
0
0
0
0
0
0
0
0
0
0
0
0
0
0
0
0
0
0
0
0
0
0
0
0
0
0
0
0
0
0
0
0
0
0
0
0
0
0
0
0
0
0
0
0
0
1720
0
0
1723
0
0
1726
0
0
1729
0
0
1732
0
0
1735
0
0
1738
0
0
1741
0
0
1744
0
0
1747
0
0
1750
0
0
1753
0
0
1756
0
0
1759
0
0
0
0
0
0
0
0
0
0
0
0
0
0
0
0
0
0
0
0
0
0
0
0
0
0
0
0
0
0
0
0
0
0
0
0
0
0
0
0
0
0
0
0
0
0
0
0
0
0
0
0
0
0
0
0
0
0
0
0
0
0
0
0
0
0
0
0
0
0
0
0
0
0
0
0
0
0
0
0
1840
0
0
1843
0
0
1846
0
0
1849
0
0
1852
0
0
1855
0
0
1858
0
0
1861
0
0
1864
0
0
1867
0
0
1870
0
0
1873
0
0
1876
0
0
1879
0
0
0
0
0
0
0
0
0
0
0
0
0
0
0
0
0
0
0
0
0
0
0
0
0
0
0
0
0
0
0
0
0
0
0
0
0
0
0
0
0
0
0
0
0
0
0
0
0
0
0
0
0
0
0
0
0
0
0
0
0
0
0
0
0
0
0
0
0
0
0
0
0
0
0
0
0
0
0
0
1960
0
0
1963
0
0
1966
0
0
1969
0
0
1972
0
0
1975
0
0
1978
0
0
1981
0
0
1984
0
0
1987
0
0
1990
0
0
1993
0
0
1996
0
0
1999
0
0
0
0
0
0
0
0
0
0
0
0
0
0
0
0
0
0
0
0
0
0
0
0
0
0
0
0
0
0
0
0
0
0
0
0
0
0
0
0
0
0
0
0
0
0
0
0
0
0
0
0
0
0
0
0
0
0
0
0
0
0
0
0
0
0
0
0
0
0
0
0
0
0
0
0
0
0
0
0
2080
0
0
2083
0
0
2086
0
0
2089
0
0
2092
0
0
2095
0
0
2098
0
0
2101
0
0
2104
0
0
2107
0
0
2110
0
0
2113
0
0
2116
0
0
2119
0
0
0
0
0
0
0
0
0
0
0
0
0
0
0
0
0
0
0
0
0
0
0
0
0
0
0
0
0
0
0
0
0
0
0
0
0
0
0
0
0
0
0
0
0
0
0
0
0
0
0
0
0
0
0
0
0
0
0
0
0
0
0
0
0
0
0
0
0
0
0
0
0
0
0
0
0
0
0
0
2200
0
0
2203
0
0
2206
0
0
2209
0
0
2212
0
0
2215
0
0
2218
0
0
2221
0
0
2224
0
0
2227
0
0
2230
0
0
2233
0
0
2236
0
0
2239
0
0
0
0
0
0
0
0
0
0
0
0
0
0
0
0
0
0
0
0
0
0
0
0
0
0
0
0
0
0
0
0
0
0
0
0
0
0
0
0
0
0
0
0
0
0
0
0
0
0
0
0
0
0
0
0
0
0
0
0
0
0
0
0
0
0
0
0
0
0
0
0
0
0
0
0
0
0
0
0
2320
0
0
2323
0
0
2326
0
0
2329
0
0
2332
0
0
2335
0
0
2338
0
0
2341
0
0
2344
0
0
2347
0
0
2350
0
0
2353
0
0
2356
0
0
2359
0
0
0
0
0
0
0
0
0
0
0
0
0
0
0
0
0
0
0
0
0
0
0
0
0
0
0
0
0
0
0
0
0
0
0
0
0
0
0
0
0
0
0
0
0
0
0
0
0
0
0
0
0
0
0
0
0
0
0
0
0
0
0
0
0
0
0
0
0
0
0
0
0
0
0
0
0
0
0
0
2440
0
0
2443
0
0
2446
0
0
2449
0
0
2452
0
0
2455
0
0
2458
0
0
2461
0
0
2464
0
0
2467
0
0
2470
0
0
2473
0
0
2476
0
0
2479
0
0
0
0
0
0
0
0
0
0
0
0
0
0
0
0
0
0
0
0
0
0
0
0
0
0
0
0
0
0
0
0
0
0
0
0
0
0
0
0
0
0
0
0
0
0
0
0
0
0
0
0
0
0
0
0
0
0
0
0
0
0
0
0
0
0
0
0
0
0
0
0
0
0
0
0
0
0
0
0
2560
0
0
2563
0
0
2566
0
0
2569
0
0
2572
0
0
2575
0
0
2578
0
0
2581
0
0
2584
0
0
2587
0
0
2590
0
0
2593
0
0
2596
0
0
2599
